ivan: 0.9534625892455922
viktors: 0.8703882797784892
maria: 0.808135229794045
lukas: 0.7624563678786219
connor: 0.607789741118069